function e = G4_Cs(Cr,NTU)
M = [0.00995016625083189000	0.00994967272333199000	0.00994769793151161000	0.00994646396906542000	0.00994523018831686000	0.00994276325847436000	0.00994029714171090000	0.00993783183785152000	0.00993536733493703000	0.00993290364534733000	0.00993044077873722000	0.00992797870028672000	0.00992551745780116000	0.00992305700119430000	0.00992059736283494000	0.00991813854831004000	0.00991568052277257000	0.00991322330642408000	0.00991076689882608000	0.00990831130706587000	0.00990585651590236000	0.00990340253254420000	0.00990217583680025000	0.00990144024829275000	0.00990094937218753000
     0.02955446645149180000	0.02955013446681350000	0.02953280611366260000	0.02952198267808610000	0.02951116443322610000	0.02948954358879320000	0.02946794354886410000	0.02944636427889210000	0.02942480576846770000	0.02940326800725440000	0.02938175094748780000	0.02936025459672740000	0.02933877890765600000	0.02931732386510880000	0.02929588946376300000	0.02927447565477900000	0.02925308243765300000	0.02923170980496970000	0.02921035770031220000	0.02918902609886450000	0.02916771502629880000	0.02914642437546140000	0.02913581273429730000	0.02912940673692590000	0.02912515424167020000
     0.04877057549928600000	0.04875883906217150000	0.04871190620753600000	0.04868260298188390000	0.04865332266207540000	0.04859482990193010000	0.04853643009093240000	0.04847812073831020000	0.04841990248595550000	0.04836177515982520000	0.04830373862970620000	0.04824579273111420000	0.04818793731599740000	0.04813028714825020000	0.04807260802327770000	0.04801501833899710000	0.04795741764963820000	0.04790001225733620000	0.04784269656492720000	0.04778547035626560000	0.04772833341984990000	0.04767128556268890000	0.04764276491943590000	0.04762571129948530000	0.04761432671971340000
     0.06760618009405170000	0.06758374314715680000	0.06749404538911980000	0.06743806199906250000	0.06738213829839130000	0.06727046970741270000	0.06715903909807070000	0.06704784592866200000	0.06693688968386010000	0.06682616981512050000	0.06671568583744390000	0.06660543718723860000	0.06649542334945280000	0.06638564380945600000	0.06627609803482700000	0.06616678553249330000	0.06605770574959010000	0.06594885817936340000	0.06584024232953930000	0.06573185761032350000	0.06562370358657190000	0.06551577980870450000	0.06546190391757810000	0.06542960576709790000	0.06540818616114170000
     0.08606881472877180000	0.08603263682561560000	0.08588804447701600000	0.08579783113184350000	0.08570773823760830000	0.08552791317967940000	0.08534856801704030000	0.08516970144853240000	0.08499131217588240000	0.08481339889985930000	0.08463596032179980000	0.08445899517465700000	0.08428288378090260000	0.08410647995966880000	0.08393092735527930000	0.08375616362633070000	0.08358122570157890000	0.08340707413172840000	0.08323338701974820000	0.08306016312212030000	0.08288740114984430000	0.08271509989691700000	0.08262912159767340000	0.08257759002129680000	0.08254325802970430000
     0.09516258196404050000	0.09511846953755590000	0.09494218775571560000	0.09483222132118370000	0.09472241590014540000	0.09450328710302970000	0.09428479951469630000	0.09406695122825050000	0.09384974038563940000	0.09363316511201300000	0.09341774072478680000	0.09320191379164800000	0.09298723404469120000	0.09277318240702450000	0.09255975706212610000	0.09234695614912640000	0.09213477781518860000	0.09192322022067180000	0.09171228156013030000	0.09150196002198520000	0.09129225368968310000	0.09108316093548890000	0.09097884393117370000	0.09091632695160970000	0.09087467966257430000
     0.25918177931828200000	0.25887141613441500000	0.25763339865800900000	0.25686295570099800000	0.25610002192542300000	0.25456690916847100000	0.25304889354015200000	0.25154097761540600000	0.25004313114535700000	0.24855528412097200000	0.24707742490732800000	0.24560950206309300000	0.24415147349531100000	0.24270329664122700000	0.24126494704311900000	0.23983633133638000000	0.23841745114668300000	0.23700824817397100000	0.23560867777770300000	0.23421869487514400000	0.23283825406489800000	0.23146730953812500000	0.23078538403651700000	0.23037736040902800000	0.23010582929109700000
     0.39346934028736700000	0.39279241312783300000	0.39009375911344300000	0.38841570551714600000	0.38674428545723500000	0.38342138923743900000	0.38012515029557500000	0.37685563781910700000	0.37361291050423000000	0.37039705341815700000	0.36720803913462300000	0.36404589367753700000	0.36091069977592800000	0.35780247460975100000	0.35472110739926400000	0.35166670223312900000	0.34863920539419900000	0.34563859224978700000	0.34266483007619100000	0.33971787831972400000	0.33679772809003100000	0.33390424358266900000	0.33246749688429700000	0.33160864271447600000	0.33103740257221300000
     0.50341469620859000000	0.50236840438504400000	0.49819544639218700000	0.49559939785100400000	0.49301276635416200000	0.48786813811663700000	0.48276244734631500000	0.47769650748504900000	0.47267106258208800000	0.46768683662141300000	0.46274454824196000000	0.45784468522191000000	0.45298802607250400000	0.44817495420847300000	0.44340595446014800000	0.43868160663234400000	0.43400226378360100000	0.42936830019455000000	0.42478005058051400000	0.42023788118225100000	0.41574191156176400000	0.41129243497007300000	0.40908519166990100000	0.40776645620327500000	0.40688963964521000000
     0.59343034025940100000	0.59206057559871500000	0.58659055794940900000	0.58318233023542500000	0.57978256265575000000	0.57300987724158400000	0.56627521737490400000	0.55958088067627700000	0.55293016108965600000	0.54632457783936000000	0.53976664445714800000	0.53325843027202700000	0.52680204060224800000	0.52039932613725100000	0.51405206861912400000	0.50776193649871700000	0.50153048829077300000	0.49535916872300200000	0.48924941244739000000	0.48320226194581700000	0.47721893794950600000	0.47130046588445300000	0.46836584245800000000	0.46661300695725700000	0.46544777151191800000
     0.63212055882855800000	0.63061328586511800000	0.62461267097652300000	0.62083058712356000000	0.61707877004453000000	0.60962091599008800000	0.60214415995428900000	0.59475098655000500000	0.58737238779408000000	0.58001370269864800000	0.57272355703616800000	0.56548328390872800000	0.55829454688314700000	0.55116088193852100000	0.54408507257969600000	0.53706974034270600000	0.53011733974294900000	0.52323016791772100000	0.51641046590307800000	0.50966000348010800000	0.50298070415461000000	0.49637423755145200000	0.49309879723830400000	0.49114253011774100000	0.48984212367364200000
     0.77686983985157000000	0.77493265420046000000	0.76713673116611900000	0.76223227971835300000	0.75732287683705700000	0.74740927066762300000	0.73740624172161500000	0.72738675232246300000	0.71728432111594600000	0.70719361251465800000	0.69704744119421800000	0.68693739188345700000	0.67679921100507700000	0.66670170615770200000	0.65663679025278200000	0.64661645082459500000	0.63665075380018300000	0.62676419391479200000	0.61693607576250900000	0.60719056337875800000	0.59752374912639000000	0.58796809858238300000	0.58322997713492700000	0.58039861985624100000	0.57852798795881900000
     0.86466471676338700000	0.86264897264388200000	0.85445609917168400000	0.84923792322242600000	0.84394799991716500000	0.83316455276217200000	0.82212976431140400000	0.81086863210332800000	0.79940690166750600000	0.78777137012731500000	0.77599809975464500000	0.76408165628656700000	0.75208142353075300000	0.74002417095355500000	0.72789898666891100000	0.71577798821542700000	0.70364932470194400000	0.69154731955909800000	0.67948372679232800000	0.66750726198689400000	0.65560792581111000000	0.64380499254417700000	0.63795888673239400000	0.63445482873336900000	0.63213016039285000000
