function e = G4_Ct(Cr,NTU)
M = [0.00995016625083189	0.00994967247594758	0.00994769771096457	0.00994646374914493	0.00994522998948175	0.00994276308128230	0.00994029696688947	0.00993783168424094	0.00993536719510928	0.00993290351833942	0.00993044065348803	0.00992797860001463	0.00992551737993846	0.00992305694147882	0.00992059731482759	0.00991813849903794	0.00991568048377107	0.00991322327945928	0.00991076688535137	0.00990831129283229	0.00990585651021905	0.00990340254401696	0.00990217586043986	0.00990143994318905	0.00990094937218753
     0.02955446645149180	0.02955013232376710	0.02953280409839750	0.02952198073427460	0.02951116258356280	0.02948954191385690	0.02946794202543750	0.02944636294476980	0.02942480462078950	0.02940326700368780	0.02938175009400920	0.02936025385566770	0.02933877836117720	0.02931732337454890	0.02929588906437680	0.02927447527887430	0.02925308212436400	0.02923170952424520	0.02921035747490100	0.02918902593773500	0.02916771489968960	0.02914644941415470	0.02913581175796080	0.02912940662475390	0.02912515424167020
     0.04877057549928600	0.04875883320448180	0.04871190072170220	0.04868259775330160	0.04865331766265250	0.04859482614241400	0.04853642603511600	0.04847811714378230	0.04841989932459710	0.04836177248955230	0.04830373643054570	0.04824579081493270	0.04818793582971090	0.04813017090473340	0.04807249616733950	0.04801491145588050	0.04795741662151270	0.04790001152215110	0.04784269599933410	0.04778546991161800	0.04772833310129090	0.04767128542015460	0.04764279495537290	0.04762571135338480	0.04761432671971340
     0.06760618009405170	0.06758373189410750	0.06749403490610470	0.06743805196691120	0.06738212872296010	0.06727046104801970	0.06715903135159910	0.06704783907842270	0.06693688373690430	0.06682616473971020	0.06671568160784130	0.06660543392069470	0.06649542046796590	0.06638564124602510	0.06627609578141480	0.06616678356543330	0.06605770448156590	0.06594885679688870	0.06584024121538730	0.06573185681232640	0.06562370307038120	0.06551577947580070	0.06546190382412360	0.06542960596083360	0.06540818616114170
     0.08606881472877180	0.08603261862164780	0.08588802751808590	0.08579781493920170	0.08570772278605120	0.08552789926121840	0.08534855557008800	0.08516969047759520	0.08499130265614400	0.08481339082919400	0.08463595366145840	0.08445898995108820	0.08428249747903070	0.08410647580396980	0.08393092367557790	0.08375583984034100	0.08358122300232030	0.08340707189871950	0.08323338525797890	0.08306016180965630	0.08288740030169770	0.08271509946058660	0.08262912139498680	0.08257758962665190	0.08254325802970430
     0.09516258196404050	0.09511844728557980	0.09494216702029250	0.09483220153178640	0.09472239705933430	0.09450327013587210	0.09428478436546880	0.09406693788609780	0.09384972883135100	0.09363315536097540	0.09341721549147920	0.09320190757996440	0.09298722946013140	0.09277317845098330	0.09255975256477920	0.09234695223809880	0.09213477449603440	0.09192321749365850	0.09171227939893460	0.09150195839820450	0.09129225264874790	0.09108316034813370	0.09097884366338950	0.09091632695446590	0.09087467966257430
     0.25918177931828200	0.25887125344878400	0.25763324550267400	0.25686281195921000	0.25609492764258200	0.25456678746171400	0.25304878612251600	0.25154088413878200	0.25004304153154900	0.24855521773787200	0.24707737172236000	0.24560946189413500	0.24415144613655900	0.24270327464943300	0.24126491193147400	0.23983631454608500	0.23841743864002400	0.23700823995982500	0.23560867384880400	0.23421869528167000	0.23283824397690400	0.23146730443956000	0.23078538142232800	0.23037735929517000	0.23010582929109700
     0.39346934028736700	0.39279203928899100	0.39009340595533400	0.38841536512612500	0.38674395773599000	0.38342108665035000	0.38012487276243100	0.37685538548163900	0.37361268378829200	0.37039681649224700	0.36720782236004400	0.36404573043278600	0.36091056036828400	0.35780230650060800	0.35472098649475700	0.35166659280494300	0.34863910932594600	0.34563851162859500	0.34266476721646900	0.33971783573265800	0.33679766921765400	0.33390421232436000	0.33246748073251200	0.33160863598523900	0.33103740257221300
     0.50341469620859000	0.50236779292948600	0.49819482338840800	0.49559876857770400	0.49301212178521600	0.48786749539212300	0.48276180106766400	0.47769584897017800	0.47267040284600000	0.46768618055627100	0.46274385469035900	0.45784405308610700	0.45298735939216200	0.44817428945587700	0.44340536670534800	0.43868104713815000	0.43400174584990700	0.42936783787339000	0.42477965913311600	0.42023750737690800	0.41574164316534800	0.41129229086047800	0.40908511713974900	0.40776642587653000	0.40688963964521000
     0.59343034025940100	0.59205972057201300	0.58658966844330700	0.58337924467973100	0.57978136847259400	0.57300851172441400	0.56627369238604700	0.55957948763049800	0.55292836349530000	0.54632267358948000	0.53976465807674900	0.53325644315230900	0.52680004103332400	0.52039731702221000	0.51405009014156200	0.50776003240090300	0.50152870422190800	0.49535755579823300	0.48924792869188900	0.48320105768710700	0.47721807281644200	0.47130000161552300	0.46836560230206100	0.46661290902757800	0.46544777151191800
     0.63212055882855800	0.63061243697421500	0.62458872961699300	0.62083117262859300	0.61707714581390700	0.60959401744140400	0.60249715328990300	0.59473387480431300	0.58734688186876400	0.58001105302143700	0.57272101706172700	0.56548004873918800	0.55829126201009200	0.55115757207223000	0.54408180589388900	0.53706658889191700	0.53011438362566500	0.52322749074036400	0.51640805042029000	0.50965804434961500	0.50297929808185100	0.49637348384016700	0.49309840764355100	0.49114237128190800	0.48984212367364200
     0.77686983985157000	0.77493083241449700	0.76713370759641300	0.76222845359311900	0.75730080076885400	0.74738117099089700	0.73739453533791600	0.72735239646309900	0.71727677113905600	0.70715602270438400	0.69703928133224000	0.68689840820361300	0.67677847788943600	0.66668058775877600	0.65661633657161300	0.64660683198547000	0.63663233891067400	0.62673300520346000	0.61690809294906400	0.60716634040606400	0.59751587902461500	0.58796423039802000	0.58322764487958800	0.58039774686098000	0.57852798795881900
     0.86466471676338700	0.86264606279689900	0.85444667981209100	0.84922483495271300	0.84393127714521700	0.83313602356750100	0.82209275431171400	0.81082370535430700	0.79935480520850900	0.78771248559700900	0.77593656806695700	0.76401433549273500	0.75201167141477300	0.73994141383334800	0.72782902178805600	0.71569907732120400	0.70357519094130100	0.69147986818065800	0.67943359044288200	0.66745883938698500	0.65557160871929100	0.64379011780596500	0.63794404460242700	0.63445896292678800	0.63213016039285000
     0.91791500137610100	0.91602391433383900	0.90824427843265800	0.90321413480820600	0.89805240474110600	0.88736524718709000	0.87621255421411000	0.86462752560563600	0.85264632208542500	0.84030752988362500	0.82765159633427000	0.81472025307868600	0.80157264569625500	0.78820120292967800	0.77471215523577400	0.76110087849737700	0.74741243831725700	0.73370616098203500	0.72001192063275400	0.70635820113716600	0.69278195752482700	0.67930358277505000	0.67261321693884700	0.66861596315667400	0.66595859388470100
     0.95021293163213600	0.94854371285652700	0.94157282952607600	0.93697869564673000	0.93220157529807100	0.92212412755659600	0.91136808654159900	0.89996937929211000	0.88797033278370800	0.87541883438476500	0.86236737570049000	0.84887201851735400	0.83500876829950700	0.82078521766458300	0.80632839568327700	0.79163793887376400	0.77681496146930100	0.76190054637475400	0.74695060879015500	0.73201609554635900	0.71713704407519600	0.70235612415506700	0.69501747595732500	0.69063623264230400	0.68771817316465300
