function e = H4_Ct(Cr,NTU)
M=[0.009950166250832	0.00994967250077129	0.00994769772436443	0.00994646377917479	0.00994523001159443	0.00994276310381467	0.00994029699694194	0.00993783173496215	0.00993536725132240	0.00993290361043129	0.00993044078155982	0.00992797872890832	0.00992551752103637	0.00992305710441438	0.00992059748062332	0.00991813868794957	0.00991568070050920	0.00991322351473918	0.00991076714648839	0.00990831158894380	0.00990585683654078	0.00990340288592557	0.00990217620843551	0.00990144030223087	0.00990094974092709
   0.029554466451492	0.02955013232515100	0.02953280419733180	0.02952198090010370	0.02951116279911960	0.02948954226693900	0.02946794248809690	0.02944636348283200	0.02942480526664790	0.02940326777789430	0.02938175093078740	0.02936025485425200	0.02933877943790780	0.02931732465897820	0.02929589052028550	0.02927447698697490	0.02925308403166310	0.02923171164581950	0.02921035979108770	0.02918902847123310	0.02916771763639420	0.02914642728639240	0.02913578978244060	0.02912940973652340	0.02912515738422070
   0.048770575499286	0.04875883326790500	0.04871190102107210	0.04868259818459600	0.04865331827469930	0.04859482701439060	0.04853642724598190	0.04847811860514640	0.04841990114030120	0.04836177449816300	0.04830373873925280	0.04824579355646680	0.04818793872145270	0.04813017436636560	0.04807250018402200	0.04801491602143940	0.04795742173021680	0.04790001717188440	0.04784270219060320	0.04778547664500020	0.04772834036950770	0.04767129322617630	0.04764280303199460	0.04762571958801180	0.04761433506123380
   0.067606180094052	0.06758373201887060	0.06749403545851410	0.06743805281277770	0.06738212986226740	0.06727046276492400	0.06715903356336320	0.06704784188992050	0.06693688705093920	0.06682616867522950	0.06671568608615280	0.06660543883523070	0.06649542640712160	0.06638564779596110	0.06627610336225600	0.06616679217196070	0.06605771370470630	0.06594886744154170	0.06584025287091080	0.06573186946615830	0.06562371671649940	0.06551579410409930	0.06546191893808430	0.06542962137285010	0.06540810111727450
   0.086068814728772	0.08603261879786750	0.08588802843562980	0.08579781631735890	0.08570772461624520	0.08552790196880760	0.08534855917847650	0.08516969501522410	0.08499130804351720	0.08481339708537110	0.08463596081900740	0.08445899793896470	0.08428250714717820	0.08410648718587780	0.08393093577554980	0.08375585355626590	0.08358123831056710	0.08340708879657640	0.08323340372658450	0.08306018317730040	0.08288742186486060	0.08271512255374090	0.08262914525154220	0.08257761393441250	0.08254328264508530
   0.095162581964040	0.09511844752543230	0.09494216816986200	0.09483220324379260	0.09472239929616970	0.09450327344539800	0.09428478875872410	0.09406694340853430	0.09384973538485180	0.09363316296281410	0.09341722420508290	0.09320191723337240	0.09298724019745400	0.09277319126533250	0.09255976858101930	0.09234696887089990	0.09213479306344410	0.09192323795602330	0.09171230176516560	0.09150198263021640	0.09129227873570770	0.09108318827022820	0.09097887249614400	0.09091635633463080	0.09087470941071170
   0.259181779318282	0.25887125509669900	0.25763325339609300	0.25686282360334400	0.25609494296400900	0.25456680976023100	0.25304881494788900	0.25154091906319200	0.25004308214545800	0.24855526363045200	0.24707742249801800	0.24560951714705800	0.24415150553944100	0.24270334514861900	0.24126499300744500	0.23983640569848100	0.23841753935935500	0.23700834976067200	0.23560879225969000	0.23421882184235700	0.23283839313697600	0.23146746041842400	0.23078554067887300	0.23037752042599400	0.23010597764551500
   0.393469340287367	0.39279204223530100	0.39009341933908300	0.38841538395621000	0.38674398116463700	0.38342111684475100	0.38012490667786000	0.37685542018687600	0.37361271646962400	0.37039684446698200	0.36720784311845500	0.36404574157048800	0.36091055953682400	0.35780230740897800	0.35472098657811500	0.35166658960774500	0.34863910052472400	0.34563849501545800	0.34266474070212300	0.33971779734095900	0.33679761708232700	0.33390414469014900	0.33246740472159400	0.33160855475517800	0.33103731778660900
   0.503414696208590	0.50236779410222300	0.49819482394089900	0.49559876456441300	0.49301211007716500	0.48786745935711500	0.48276172925750800	0.47769573068527300	0.47267022796619400	0.46768593975151900	0.46274353911174700	0.45784365457798400	0.45298687047269600	0.44817372779910300	0.44340472495360300	0.43868031853252700	0.43400092418516600	0.42936691749712700	0.42477863492673300	0.42023637474942500	0.41574039801005300	0.41129092956407100	0.40908369656000000	0.40776496937200600	0.40688815905224500
   0.593430340259401	0.59205968388228700	0.58658856914415400	0.58317847172034600	0.57978121408038900	0.57300823126343500	0.56627325603262300	0.55957886757572700	0.55292753406310600	0.54632161104926900	0.53976334079761700	0.53325485151197100	0.52679815727338400	0.52039515815192000	0.51404764071007000	0.50775727877200900	0.50152563454523300	0.49535415991442600	0.48924419810242900	0.48319698546959300	0.47721365356726600	0.47129523137540300	0.46836065551740200	0.46660785607220900	0.46544264770115200
   0.632120558828558	0.63061229967262300	0.62458814691381000	0.62082893244110300	0.61707712046748400	0.60959374981829400	0.60214125425730500	0.59472399091705000	0.58734546022612500	0.58000925459063000	0.57271881051945500	0.56547740593628900	0.55828815794893300	0.55115402136913700	0.54407778787789200	0.53706208581951100	0.53010938060260000	0.52322197559753300	0.51640201362634500	0.50965147888764100	0.50297219933244700	0.49636584945892300	0.49309050524362400	0.49113430815602300	0.48983395346642400
   0.776869839851570	0.77493069521080700	0.76713420642599500	0.76222905325172500	0.75729636170615800	0.74737763196206600	0.73740181930986000	0.72734550691525900	0.71725959690555100	0.70714514458446800	0.69701534240142300	0.68688305078479200	0.67676074418487000	0.66666046278164400	0.65659377007988400	0.64657171654956700	0.63660480929033500	0.62670298739402800	0.61687560335967300	0.60713140978057600	0.59747855135261500	0.58792456176193300	0.58318683024858300	0.58035722900897000	0.57847636511116500
   0.864664716763387	0.86264518798985000	0.85444235087450200	0.84921777495776900	0.84392134150557000	0.83312463314860600	0.82207643132689800	0.81080195718619800	0.79932719489609500	0.78767863699808400	0.77588303251382800	0.76396714248169500	0.75195750704889000	0.73988022764426400	0.72776076730303100	0.71562377137154400	0.70349291027005700	0.69139074527691600	0.67933861778597700	0.66735656155491100	0.65546323781360000	0.64367589132982700	0.63782695505917600	0.63433298716136100	0.63201032683098100
   0.917915001376101	0.91602231953508900	0.90823706216638300	0.90320061910727400	0.89803659160458100	0.88733951733732600	0.87617567864836900	0.86457839302528000	0.85258396184311500	0.84023113025021100	0.82756051792260400	0.81461403709448200	0.80143431427680400	0.78806413056390200	0.77454589378204400	0.76092115354009100	0.74723016777334100	0.73351152682259500	0.71980183857105500	0.70613547580712800	0.69254438497540100	0.67905795347709700	0.67236244858522300	0.66836222882294800	0.66570293168794400
   0.950212931632136	0.94854130119012900	0.94156110599530000	0.93695594867252800	0.93217277437684700	0.92207690591072700	0.91129998301414100	0.89987818528564400	0.88785415129668800	0.87527612684156500	0.86219699514777700	0.84867322857245800	0.83476380279193800	0.82052911340270000	0.80602993161361500	0.79132643053964100	0.77647730737232400	0.76153901968703500	0.74656514718024000	0.73160588344625400	0.71670765658361500	0.70191287251888400	0.69456638605628200	0.69017736288722900	0.68725977120363400
