function e = H4_Cs(Cr,NTU)
M=[0.009950166250832     0.0099496729716617	0.0099476981901711	0.0099464642247817	0.0099452304570180	0.0099427635305790	0.0099402974160570	0.0099378321132853	0.0099353676219067	0.0099329039356124	0.0099304410660396	0.0099279790020438	0.0099255177531716	0.0099230573142664	0.0099205976849215	0.0099181388649537	0.00991568084932598	0.00991322364713263	0.0099107672533926	0.0099083116563664	0.0099058568785567	0.0099034029082682	0.0099021762259304	0.0099014403072120	0.0099009497409271
   0.029554466451492     0.0295501366614289	0.0295328083492826	0.0295219849341987	0.0295111667280289	0.0294895459272347	0.0294679459309137	0.0294463667157626	0.0294248082560301	0.0294032705395528	0.0293817535353883	0.0293602572258939	0.0293387815849762	0.0293173266000907	0.0292958922391680	0.0292744784812351	0.0292530853212575	0.0292317127146953	0.0292103606521754	0.0291890291110073	0.0291677180631581	0.0291464275009012	0.0291357883167129	0.0291294097714131	0.0291251573842207
   0.048770575499286     0.0487588450268160	0.0487119122649368	0.0486826091298861	0.0486533288789767	0.0485948370189810	0.0485364362653237	0.0484781273377862	0.0484199092058540	0.0483617811257713	0.0483037456073080	0.0482457998269006	0.0481879427684807	0.0481301795774137	0.0480725047999000	0.0480149202515676	0.0479574251836755	0.0479000200465886	0.0478427047322303	0.0477854783573785	0.0477283415121737	0.0476712937956528	0.0476428033139273	0.0476257196979364	0.0476143350612338
   0.067606180094052     0.0675837546140220	0.0674940570588167	0.0674380737836121	0.0673821502094532	0.0672704818562650	0.0671590514744713	0.0670478585348375	0.0669369025129021	0.0668261828774903	0.0667156962683327	0.0666054506695716	0.0664954370478710	0.0663856577116597	0.0662761121530092	0.0661667998378910	0.0660577202572557	0.0659488728850711	0.0658402572038028	0.0657318727078273	0.0656237188629173	0.0655157951757620	0.0654619194703872	0.0654296215855231	0.0654081011172745
   0.086068814728772     0.0860326554069262	0.0858880633705513	0.0857978502029604	0.0857077574936066	0.0855279328037409	0.0853485880017025	0.0851697217799607	0.0849913328394503	0.0848134198924621	0.0846359816480234	0.0844590168057283	0.0842825240899282	0.0841065022129374	0.0839309498862732	0.0837558658452177	0.0835812488094131	0.0834070975025476	0.0832334106623402	0.0830601870222522	0.0828874253061273	0.0827151242731669	0.0826291461064389	0.0825776142780954	0.0825432826450853
   0.095162581964040     0.0951184922439542	0.0949422108377027	0.0948322446207779	0.0947224394145838	0.0945033110632318	0.0942848238854068	0.0940669760091537	0.0938497655677066	0.0936331906798470	0.0934172494855046	0.0932019401168463	0.0929872607220776	0.0927732094373567	0.0925597844257597	0.0923469838296019	0.0921348058215674	0.0919232485497233	0.0917123101978090	0.0915019889258769	0.0912922829186545	0.0910831903461900	0.0909788735369072	0.0909163567511300	0.0908747094107117
   0.259181779318282     0.258871584153171	0.257633565412378	0.256863125126104	0.256095234075679	0.254567080378925	0.253049073274058	0.251541149896895	0.250043305120357	0.248555456142024	0.247077596322130	0.245609672859883	0.244151661468774	0.242703465146133	0.241265095539981	0.239836513782333	0.238417607496217	0.237008426711825	0.235608853779486	0.234218867983192	0.232838423918997	0.231467475831073	0.230785548392931	0.230377523513773	0.230105977645515
   0.393469340287367     0.392792792630942	0.390094144629080	0.388416093058975	0.386744674262100	0.383421761449952	0.380125537191419	0.376856020008595	0.373613285752309	0.370397383117927	0.367208306383387	0.364046167967345	0.360910948214085	0.357802657284381	0.354721296231964	0.351666927398275	0.348639399139370	0.345638751975276	0.342664953184932	0.339717962207370	0.336797730870152	0.333904203623983	0.332467434720167	0.331608566884521	0.331037317786609
   0.503414696208590     0.502369012114564	0.498196047631585	0.495600004029643	0.493013356230376	0.487868689479676	0.482762995759016	0.477696954675069	0.472671499686981	0.467687205674438	0.462744712115222	0.457844885746852	0.452987967462640	0.448174883628745	0.443405824158706	0.438681346462452	0.434001864706142	0.429367753025634	0.424779346476106	0.420236941983587	0.415740799332948	0.411291142177312	0.409083805919540	0.407765013857727	0.406888159052245
   0.593430340259401     0.592061406036361	0.586591389383732	0.583183118157059	0.579783319833698	0.573010515028031	0.566275233246683	0.559580814095075	0.552930287866370	0.546324469043491	0.539766270370873	0.533257815350049	0.526801261748843	0.520398228448275	0.514050626207663	0.507760124367102	0.501528280830330	0.495356543465969	0.489246251757767	0.483198638669356	0.477214832710565	0.471295860207773	0.468360979874771	0.466607988216870	0.465442647701152
   0.632120558828558     0.630614201170259	0.624589558602121	0.620831449546557	0.617079422238183	0.609596616076325	0.602144350341824	0.594727791072293	0.587348813290432	0.580012601829307	0.572722050105983	0.565482142133352	0.558292954088532	0.551158798541845	0.544082459855591	0.537066559406228	0.530113556060987	0.523225747197540	0.516405270216647	0.509654104550085	0.502974074057949	0.496366849854013	0.493091021336803	0.491134518422100	0.489833953466424
   0.776869839851570     0.774933897745191	0.767137862045176	0.762233179018277	0.757305916248086	0.747390530369022	0.737457536124130	0.727364277746262	0.717280809657435	0.707168430566489	0.697040437688511	0.686909432054189	0.676786948770167	0.666687839334230	0.656619051318606	0.646595486529170	0.636626283437450	0.626725034913195	0.616894639423849	0.607146734972815	0.597489463595802	0.587930362489209	0.583189815960123	0.580358443654332	0.578476365111165
   0.864664716763387     0.862650318984144	0.854457119363955	0.849238496817158	0.843947940051418	0.833162667613425	0.822125317228272	0.810860901500985	0.799395187127709	0.787754997708444	0.775965224743967	0.764054079399109	0.752047519452681	0.739970995978159	0.727850277138408	0.715709952692677	0.703573725360780	0.691463694972568	0.679401404375612	0.667450173085041	0.655498923291628	0.643694762141215	0.637836640764180	0.634336920590567	0.632010326830981
   0.917915001376101     0.916030328620373	0.908267087812233	0.903244523303616	0.898094386094053	0.887428445867727	0.876287644696757	0.864715467438786	0.852743922076479	0.840411085640150	0.827756947193378	0.814822846709818	0.801650913662413	0.788283520060319	0.774762761064004	0.761129974367089	0.747425418770686	0.733687937113740	0.719952753507935	0.706256092134525	0.692629538908055	0.679102783780293	0.672385403186241	0.668371536942710	0.665702931687944
   0.950212931632136     0.948553243608153	0.941610497900526	0.937033772287056	0.932276965188252	0.922234515630265	0.911510596770404	0.900139718829643	0.888162829467975	0.875626531868680	0.862582178378316	0.849095200133316	0.835202080321176	0.820964368004171	0.806465193933733	0.791744052379257	0.776864831756982	0.761887651551881	0.746863759784899	0.731843875329900	0.716875113275100	0.702000695049006	0.694611261131694	0.690195536370802	0.687259771203634
   0.969802616577682     0.968394083635269	0.962391615636990	0.958346470008118	0.954076032203721	0.944865244710915	0.934778501267841	0.923846514622330	0.912110833551759	0.899622871385826	0.886442642353867	0.872637271670238	0.858279354909186	0.843445245782715	0.828213349088320	0.812662488106252	0.796870404394304	0.780912433845996	0.764860388892851	0.748781661185636	0.732738546906855	0.716798918009446	0.708875095213869	0.704128089430934	0.700980299537695
   0.981684361111266     0.980516704580931	0.975428556691937	0.971910311011511	0.968129695277581	0.959779380813437	0.950383807963432	0.939965424552597	0.928562499277517	0.916228083984474	0.903028436457070	0.889041004637691	0.874352097912234	0.859054382872120	0.843244342301463	0.827019820955152	0.810477766777688	0.793712244370565	0.776812775543444	0.759863029654194	0.742939866431131	0.726112712207957	0.717754716735256	0.712761821200714	0.709443237406451
