function e = J3_Cs(Cr,NTU)
M=[0.009950166250832 0.0099496719018335	0.0099476921787313	0.0099464551178959	0.0099452182617190	0.0099427451555723	0.0099402728754701	0.0099378014132835	0.0099353307615645	0.0099328609344747	0.0099303919244237	0.0099279237244089	0.0099254563476981	0.0099229897807251	0.0099205240362056	0.0099180591011272	0.0099155949816478	0.0099131316834408	0.0099106691942242	0.0099082075255488	0.00990574666559587	0.0099032866044250	0.0099020568892955	0.0099013191621538	0.0099008273721678
   0.029554466451492 0.0295501053634232	0.0295326462726375	0.0295217412757685	0.0295108416085313	0.0294890582451643	0.0294672961602447	0.0294455553385624	0.0294238357477540	0.0294021373738520	0.0293804601939955	0.0293588041787972	0.0293371693123077	0.0293155555608113	0.0292939629118447	0.0292723913367703	0.0292508408191913	0.0292293113239261	0.0292078028532983	0.0291863153590538	0.0291648488260460	0.0291434032225853	0.0291326882702356	0.0291262618164153	0.0291219785400395
   0.048770575499286 0.0487587004071956	0.0487111747968816	0.0486815022611413	0.0486518535233325	0.0485926273955259	0.0485334962156296	0.0484744598400747	0.0484155180839538	0.0483566707852472	0.0482979177919970	0.0482392589286799	0.0481806940230868	0.0481222229205042	0.0480638454458841	0.0480055614401968	0.0479473707502269	0.0478892731892541	0.0478312686171625	0.0477733568580391	0.0477155377428206	0.0476578111225207	0.0476289824322094	0.0476116962999618	0.0476001768208984
   0.067606180094052 0.0675833626164549	0.0674920719584786	0.0674350973356321	0.0673781857364058	0.0672645512945601	0.0671511680290866	0.0670380353224691	0.0669251525961807	0.0668125192376537	0.0667001346465557	0.0665879982355185	0.0664761094096875	0.0663644675697950	0.0662530721299971	0.0661419224887407	0.0660310180785950	0.0659203582840883	0.0658099425285241	0.0656997702405024	0.0655898408169076	0.0654801536829997	0.0654254007976002	0.0653925780364142	0.0653707082681394
   0.086068814728772 0.0860318352225765	0.0858839272459947	0.0857916530849554	0.0856995081602197	0.0855156052742652	0.0853322170327536	0.0851493419053064	0.0849669783540432	0.0847851248202379	0.0846037797943590	0.0844229417376931	0.0842426091403918	0.0840627804731685	0.0838834542344421	0.0837046288936170	0.0835263029783012	0.0833484749674944	0.0831711433710473	0.0829943067026840	0.0828179634654955	0.0826421121686649	0.0825543705493961	0.0825017843626958	0.0824667513600630
   0.095162581964040 0.0951173766474536	0.0949365937424871	0.0948238312739691	0.0947112429824631	0.0944865877087294	0.0942626256492484	0.0940393545091603	0.0938167720306550	0.0935948759330677	0.0933736639667609	0.0931531338833033	0.0929332834198653	0.0927141103757872	0.0924956124743955	0.0922777875389150	0.0920606333056922	0.0918441476130935	0.0916283282099316	0.0914131729500914	0.0911986795944339	0.0909848459948813	0.0908781759351012	0.0908142526898773	0.0907716699771162
   0.259181779318282 0.258846614174169	0.257509512210782	0.256678143736311	0.255850084012739	0.254203842563320	0.252570691494634	0.250950534792303	0.249343276756294	0.247748822049174	0.246167075684341	0.244597943035033	0.243041329840190	0.241497142223876	0.239965286674123	0.238445670083518	0.236938199739795	0.235442783329142	0.233959328940453	0.232487745079560	0.231027940676471	0.229579825071516	0.228860122367872	0.228429687887169	0.228143308054941
   0.393469340287367 0.392697135957676	0.389621815270114	0.387713934149854	0.385816918711604	0.382055306984104	0.378336622360358	0.374660504153355	0.371026588989174	0.367434510996116	0.363883902087602	0.360374392177257	0.356905609359174	0.353477180199669	0.350088729860226	0.346739882371007	0.343430260767929	0.340159487340172	0.336927183752950	0.333732971290840	0.330576470981116	0.327457303776068	0.325911601656499	0.324988595178935	0.324375090717186
   0.503414696208590 0.502150895943596	0.497123491989038	0.494009142601394	0.490916085412961	0.484793584998642	0.478755446887427	0.472801098638432	0.466929940760112	0.461141348215412	0.455434671908877	0.449809240123775	0.444264359983548	0.438799318794808	0.433413385446871	0.428105811703423	0.422875833503879	0.417722672228823	0.412645535892868	0.407643620332574	0.402716110357921	0.397862180853107	0.395462548477283	0.394031455022936	0.393080997836114
   0.593430340259401 0.591674325554170	0.584693499753772	0.580372741364972	0.576084476035791	0.567605342040657	0.559255864291768	0.551035703306263	0.542944418491680	0.534981473026364	0.527146238750605	0.519438001008077	0.511855963447935	0.504399252771098	0.497066923410680	0.489857962112167	0.482771292446200	0.475805779201314	0.468960232686910	0.462233412898951	0.455624033579124	0.449130766171695	0.445927248621985	0.444018835338883	0.442752243590036
   0.632120558828558 0.630128124511087	0.622208874716885	0.617308428246447	0.612445810676486	0.602834236230851	0.593374388010622	0.584066329643144	0.574909959162046	0.565905016540569	0.557051091306776	0.548347630158548	0.539793944593543	0.531389218508308	0.523132515716294	0.515022787386085	0.507058879365540	0.499239539373751	0.491563424027008	0.484029105703414	0.476635079225212	0.469379768331236	0.465803620756588	0.463674294059506	0.462261531954413
   0.776869839851570 0.773859814679735	0.761893274081331	0.754486238166226	0.747135848215430	0.732608817631284	0.718319224729728	0.704273215689624	0.690476108412812	0.676932433377516	0.663645922359260	0.650619441451008	0.637855240880986	0.625354839619548	0.613119099355942	0.601148262917472	0.589441993457595	0.577999414023909	0.566819147098668	0.555899353836473	0.545237772659776	0.534831757016005	0.529723662999391	0.526688949922723	0.524678312032117
   0.864664716763387 0.860934044385936	0.846079929215933	0.836867709640858	0.827714259258264	0.809595267145001	0.791744854643476	0.774182848096722	0.756926931339779	0.739992690817860	0.723393609914214	0.707141128955732	0.691244708015192	0.675711907704562	0.660548511241242	0.645758484783233	0.631344374128607	0.617307134208253	0.603646390375618	0.590360528841476	0.577446851080088	0.564901508434164	0.558765634038648	0.555127385348381	0.552719976906494
   0.917915001376101 0.913707850655036	0.896918294050415	0.886475693985174	0.876079425077782	0.855448782500400	0.835070043428784	0.814982891732887	0.795224715847996	0.775826621046758	0.756817314367951	0.738220951866677	0.720057868298691	0.702344570484791	0.685093943059403	0.668315460639996	0.652015425873836	0.636197224951867	0.620861593048513	0.606006883104605	0.591629332372266	0.577723322132988	0.570944942957995	0.566933215486935	0.564287726318830
   0.950212931632136 0.945701075239519	0.927646336842653	0.916378498283825	0.905134659743759	0.882755645910982	0.860579816539363	0.838716893775699	0.817093377540430	0.795895583506024	0.775125883577434	0.754824331625048	0.735024380269014	0.715753074602707	0.697031355529787	0.678874447624510	0.661292307633896	0.644290111802866	0.627868762843481	0.612025400299961	0.596765853050221	0.582056871654933	0.574898766500987	0.570676373572326	0.567900182591917
   0.969802616577682 0.965099043884913	0.946220862736404	0.934395539390514	0.922566039259659	0.898946506080281	0.875463290517518	0.852210832143753	0.829275645008121	0.806735163215085	0.784657088264803	0.763099082969993	0.742108788845794	0.721724116079967	0.701979317327579	0.682877824629579	0.664454240044416	0.646691781416026	0.629612433370075	0.613186838238959	0.597422727332391	0.582300275732608	0.574974538266170	0.570653145340532	0.567802750817622
   0.981684361111266 0.976860911115629	0.957440659953133	0.945229391930901	0.932982487377076	0.908450736286144	0.883980002321926	0.859696901840692	0.835717754279546	0.812146461588595	0.789073290493346	0.766574281298792	0.744711237514973	0.723532196210970	0.703072269975369	0.683354752576730	0.664392389157965	0.646188725324222	0.628739465344515	0.612033785937696	0.596055567372061	0.580784517011579	0.573406946671180	0.569061154030285	0.566197171583270
