function e = J3_Ct(Cr,NTU)
M=[0.009950166250832 0.0099496712404588	0.0099476915619265	0.0099464545018265	0.0099452176663542	0.0099427445918294	0.0099402723378784	0.0099378009044910	0.0099353302922193	0.0099328605033852	0.0099303915456362	0.0099279234596677	0.0099254560205834	0.0099229895816796	0.0099205237897967	0.0099180588687485	0.0099155947839340	0.0099131315129011	0.0099106690594915	0.0099082074162663	0.0099057465945261	0.0099032865871958	0.0099020568774919	0.0099013191574974	0.0099008273721678
   0.029554466451492 0.0295500996114682	0.0295326407670827	0.0295217359257776	0.0295108364217274	0.0294890533587393	0.0294672915714342	0.0294455510452209	0.0294238317709026	0.0294021337219094	0.0293804567933523	0.0293588010823061	0.0293371665201810	0.0293155530457383	0.0292939606747896	0.0292723894298685	0.0292508391759275	0.0292293099481698	0.0292078017605433	0.0291863145429553	0.0291648482869669	0.0291434029476959	0.0291326881450392	0.0291262617618268	0.0291219785400395
   0.048770575499286 0.0487586847421602	0.0487111598813603	0.0486814878119122	0.0486518395479032	0.0485926143112237	0.0485334840123122	0.0484744485266032	0.0484155076113480	0.0483566611475448	0.0482979089942688	0.0482392508991622	0.0481806868467638	0.0481222164729161	0.0480638398111674	0.0480055565558592	0.0479473666065549	0.0478892698034873	0.0478312659084056	0.0477733548609404	0.0477155364280732	0.0476578104682317	0.0476289821117889	0.0476116961691071	0.0476001768208984
   0.067606180094052 0.0675833325735845	0.0674920435290873	0.0674350699052838	0.0673781592808281	0.0672645267613465	0.0671511453421613	0.0670380144632837	0.0669251334761628	0.0668125018401827	0.0667001188596039	0.0665879840444673	0.0664760967827885	0.0663644564161868	0.0662530624028339	0.0661419141929754	0.0660310110862872	0.0659203525978564	0.0658099380630594	0.0656997669647304	0.0655898386864073	0.0654801526474499	0.0654254002891798	0.0653925778321538	0.0653707082681394
   0.086068814728772 0.0860317866369234	0.0858838816583645	0.0857916093250145	0.0856994662009080	0.0855155667844309	0.0853321818900698	0.0851493099538804	0.0849669494511806	0.0847850988038223	0.0846037565629371	0.0844229212197974	0.0842425910709541	0.0840627648389798	0.0838834407753444	0.0837046175520104	0.0835262936525708	0.0833484674987044	0.0831711376392905	0.0829943025823214	0.0828179608361006	0.0826421109134921	0.0825543699417222	0.0825017841207867	0.0824667513600630
   0.095162581964040 0.0951173173329181	0.0949365383572117	0.0948237782921262	0.0947111923217935	0.0944865415643425	0.0942625838012855	0.0940393167557638	0.0938167381679189	0.0935948457096442	0.0933736372151123	0.0931531103987088	0.0929332630412269	0.0927140928406508	0.0924955976359870	0.0922777751835508	0.0920606232986004	0.0918441397083671	0.0916283222512822	0.0914131687330271	0.0911986769666448	0.0909848447723000	0.0908781753305713	0.0908142524520081	0.0907716699771162
   0.259181779318282 0.258846198637767	0.257509206476920	0.256677901790309	0.255849902192533	0.254203770302640	0.252570714920083	0.250950640457652	0.249343451726092	0.247749053803353	0.246167352108950	0.244598252341426	0.243041660810300	0.241497483803526	0.239965628380000	0.238446001600009	0.236938511162200	0.235443065065188	0.233959571736115	0.232487939939698	0.231028078893424	0.229579898256916	0.228860159963587	0.228429703160041	0.228143308054941
   0.393469340287367 0.392696292015508	0.389621597125562	0.387714073819860	0.385817391328476	0.382056373315041	0.378338189999213	0.374662485124980	0.371028899507225	0.367437071182337	0.363886635874770	0.360377227037719	0.356908476054644	0.353480012756034	0.350091465211417	0.346742460367589	0.343432623959937	0.340161580741333	0.336928954852445	0.333734369813095	0.330577448786153	0.327457814768223	0.325911862560825	0.324988700823313	0.324375090717186
   0.503414696208590 0.502149804572737	0.497124378977708	0.494011151779054	0.490919131983840	0.484798461969012	0.478761844163440	0.472808723914446	0.466938518328365	0.461150617898415	0.455444387915905	0.449819170220037	0.444274284414901	0.438809029548104	0.433422685367390	0.428114513856630	0.422883760342122	0.417729655055603	0.412651414186589	0.407648241207340	0.402719328047233	0.397863856198080	0.395463402405135	0.394031800451805	0.393080997836114
   0.593430340259401 0.591673377907037	0.584697187746869	0.580379047198803	0.576093193344109	0.567618290209921	0.559272296290527	0.551054919514350	0.542965763010607	0.535004330219794	0.527170030145744	0.519462182252847	0.511880021741235	0.504422704277054	0.497089311026083	0.489878853273622	0.482790277295394	0.475822468700916	0.468974257036919	0.462244420006987	0.455631687701801	0.449134746617531	0.445929276364973	0.444019655339746	0.442752243590036
   0.632120558828558 0.630127452365234	0.622214810017666	0.617318089849645	0.612458901166461	0.602853332611135	0.593398417513708	0.584094289694117	0.574940911574368	0.565938082173402	0.557085445151782	0.548382496776466	0.539828594077708	0.531422962587726	0.523164704376136	0.515052805596995	0.507086144288909	0.499263497649218	0.491583549386045	0.484044896770167	0.476646057524458	0.469385476463516	0.465806528415983	0.463675469842193	0.462261531954413
   0.776869839851570 0.773863371665210	0.761922418875421	0.754529786343345	0.747192639559582	0.732688759658529	0.718418124442949	0.704387184234890	0.690601516601926	0.677065852748583	0.663784107519907	0.650759412445250	0.637994151330009	0.625489997629438	0.613247953820452	0.601268390920177	0.589551089595180	0.578095280794802	0.566899686501357	0.555962559976416	0.545281725295558	0.534854615913154	0.529735308574553	0.526693659458452	0.524678312032117
   0.864664716763387 0.860948425387530	0.846161081825481	0.836986532381792	0.827867761056828	0.809809561574917	0.792009155934339	0.774487040463293	0.757261521059130	0.740348724412788	0.723762632112000	0.707515134988554	0.691616105075160	0.676073481855864	0.660893370825659	0.646080150989833	0.631636589073760	0.617563958122797	0.603862158488920	0.590529908153204	0.577564516726977	0.564962695093654	0.558796770696790	0.555139976472790	0.552719976906494
   0.917915001376101 0.913742338359434	0.897093769305408	0.886730925808716	0.876408231987382	0.855906955994165	0.835635032023966	0.815633793677763	0.795940621238454	0.776588827079145	0.757607617300311	0.739022122352271	0.720853488433562	0.703119020461696	0.685832367544420	0.669003584707035	0.652639759124826	0.636745612345709	0.621321881431887	0.606367619360005	0.591879555111332	0.577853145566250	0.571010993426297	0.566959903983378	0.564287726318830
   0.950212931632136 0.945767800420174	0.927972789778070	0.916852202133787	0.905744405789469	0.883605062622036	0.861627501138041	0.839879113002878	0.818421323239977	0.797309163433109	0.776591028340062	0.756308602067208	0.736496934896177	0.717184495882964	0.698394227535336	0.680142555804469	0.662441062823379	0.645296217602560	0.628710798822182	0.612683315431645	0.597209130649232	0.582280804068107	0.575018357088217	0.570724646936049	0.567900182591917
   0.969802616577682 0.965212818210855	0.946768227537648	0.935189183636527	0.923587365142715	0.900369245250761	0.877218043786342	0.854231189268523	0.831498005198469	0.809098721762350	0.787103853649193	0.765573921652997	0.744559324995324	0.724101320692648	0.704231507663532	0.684972658870595	0.666340568630408	0.648343619098979	0.630984201364315	0.614259461202455	0.598162109707856	0.582681184675375	0.575175984542464	0.570730990581770	0.567802750817622
   0.981684361111266 0.977038671026665	0.958289561220856	0.946459745430962	0.934565714037579	0.910656035390136	0.886698985955751	0.862825210873258	0.839155051546269	0.815796693862107	0.792844965079392	0.770380746877057	0.748470839521391	0.727168978156526	0.706515124966639	0.686538512156204	0.667257343636771	0.648680694261773	0.630822220737127	0.613638912144021	0.597165777839925	0.581349645219240	0.573692783703588	0.569176238162446	0.566197171583270
